object={
	name="tree_sakura_forest_generator_0"
	render_pass=Map
	clamp_to_water_level=no
	generated_content=yes
	layer="tree_high_layer"
	pdxmesh="tree_sakura_01_mesh"
	count=125
	transform="1014.518066 0.000000 514.210754 0.000000 0.548641 0.000000 0.836058 1.000000 1.000000 1.000000
1010.357422 0.000000 598.671570 0.000000 0.820800 0.000000 0.571216 1.000000 1.000000 1.000000
1015.877258 0.000000 599.812073 0.000000 0.135966 0.000000 0.990713 1.000000 1.000000 1.000000
1167.373779 0.000000 475.741211 0.000000 0.594817 0.000000 0.803861 1.000000 1.000000 1.000000
1162.749756 0.000000 470.086731 0.000000 0.016800 0.000000 0.999859 1.000000 1.000000 1.000000
1195.544800 0.000000 504.966980 0.000000 0.602491 0.000000 0.798125 1.000000 1.000000 1.000000
1341.311523 0.000000 493.057892 0.000000 0.092836 0.000000 0.995681 1.000000 1.000000 1.000000
1339.363037 0.000000 490.027039 0.000000 0.642811 0.000000 0.766025 1.000000 1.000000 1.000000
1373.303711 0.000000 493.057892 0.000000 0.712516 0.000000 0.701656 1.000000 1.000000 1.000000
1378.444946 0.000000 509.036469 0.000000 0.373876 0.000000 0.927479 1.000000 1.000000 1.000000
1376.021484 0.000000 496.843536 0.000000 0.381167 0.000000 0.924506 1.000000 1.000000 1.000000
1417.467651 0.000000 498.869965 0.000000 0.589742 0.000000 0.807591 1.000000 1.000000 1.000000
1072.573486 0.000000 596.147522 0.000000 0.299064 0.000000 0.954233 1.000000 1.000000 1.000000
1157.404541 0.000000 530.648743 0.000000 0.037173 0.000000 0.999309 1.000000 1.000000 1.000000
1156.899292 0.000000 542.591492 0.000000 0.058072 0.000000 0.998312 1.000000 1.000000 1.000000
1189.403320 0.000000 512.141541 0.000000 0.405827 0.000000 0.913950 1.000000 1.000000 1.000000
1157.411133 0.000000 544.125916 0.000000 0.749261 0.000000 0.662275 1.000000 1.000000 1.000000
1191.930542 0.000000 566.407471 0.000000 0.841346 0.000000 0.540497 1.000000 1.000000 1.000000
1187.991333 0.000000 568.662109 0.000000 0.578196 0.000000 0.815898 1.000000 1.000000 1.000000
1190.424194 0.000000 571.951416 0.000000 0.075465 0.000000 0.997149 1.000000 1.000000 1.000000
1189.739624 0.000000 566.555359 0.000000 0.206900 0.000000 0.978362 1.000000 1.000000 1.000000
1219.983521 0.000000 568.662109 0.000000 0.416199 0.000000 0.909274 1.000000 1.000000 1.000000
1178.053223 0.000000 598.872375 0.000000 0.850457 0.000000 0.526045 1.000000 1.000000 1.000000
1180.063110 0.000000 595.511475 0.000000 0.859007 0.000000 0.511963 1.000000 1.000000 1.000000
1188.550293 0.000000 676.791870 0.000000 0.431475 0.000000 0.902125 1.000000 1.000000 1.000000
1255.914917 0.000000 662.360596 0.000000 0.359665 0.000000 0.933082 1.000000 1.000000 1.000000
1334.622681 0.000000 533.394531 0.000000 0.017899 0.000000 0.999840 1.000000 1.000000 1.000000
1391.011230 0.000000 536.077332 0.000000 0.832282 0.000000 0.554353 1.000000 1.000000 1.000000
1379.707886 0.000000 512.417053 0.000000 0.427117 0.000000 0.904196 1.000000 1.000000 1.000000
1373.944458 0.000000 574.087341 0.000000 0.581575 0.000000 0.813493 1.000000 1.000000 1.000000
1388.171997 0.000000 586.880981 0.000000 0.487366 0.000000 0.873198 1.000000 1.000000 1.000000
1391.130615 0.000000 589.844055 0.000000 0.833254 0.000000 0.552890 1.000000 1.000000 1.000000
1391.319092 0.000000 667.647461 0.000000 0.020181 0.000000 0.999796 1.000000 1.000000 1.000000
1118.006958 0.000000 1021.868591 0.000000 0.705256 0.000000 0.708953 1.000000 1.000000 1.000000
1190.424194 0.000000 987.748291 0.000000 0.330122 0.000000 0.943938 1.000000 1.000000 1.000000
983.902832 0.000000 1162.405396 0.000000 0.356918 0.000000 0.934136 1.000000 1.000000 1.000000
1067.227417 0.000000 1135.164429 0.000000 0.756274 0.000000 0.654255 1.000000 1.000000 1.000000
1136.620605 0.000000 1129.905396 0.000000 0.331040 0.000000 0.943617 1.000000 1.000000 1.000000
1155.802124 0.000000 1070.142090 0.000000 0.485082 0.000000 0.874469 1.000000 1.000000 1.000000
1184.699341 0.000000 1076.984375 0.000000 0.865298 0.000000 0.501258 1.000000 1.000000 1.000000
1192.245117 0.000000 1064.189819 0.000000 0.186311 0.000000 0.982491 1.000000 1.000000 1.000000
1212.913574 0.000000 1062.245972 0.000000 0.314070 0.000000 0.949400 1.000000 1.000000 1.000000
1189.641357 0.000000 1063.195435 0.000000 0.684999 0.000000 0.728544 1.000000 1.000000 1.000000
1258.177002 0.000000 1053.015869 0.000000 0.791108 0.000000 0.611676 1.000000 1.000000 1.000000
1215.818970 0.000000 1067.919556 0.000000 0.318974 0.000000 0.947763 1.000000 1.000000 1.000000
1133.978638 0.000000 1182.914673 0.000000 0.187123 0.000000 0.982337 1.000000 1.000000 1.000000
1135.073730 0.000000 1175.764771 0.000000 0.719978 0.000000 0.693997 1.000000 1.000000 1.000000
1383.766113 0.000000 1068.773926 0.000000 0.271269 0.000000 0.962504 1.000000 1.000000 1.000000
1308.890137 0.000000 1126.214722 0.000000 0.039599 0.000000 0.999216 1.000000 1.000000 1.000000
1355.157104 0.000000 1103.180054 0.000000 0.123060 0.000000 0.992399 1.000000 1.000000 1.000000
1424.781128 0.000000 1086.051514 0.000000 0.435207 0.000000 0.900331 1.000000 1.000000 1.000000
1425.403442 0.000000 1087.748169 0.000000 0.593624 0.000000 0.804743 1.000000 1.000000 1.000000
1442.429321 0.000000 1148.723999 0.000000 0.359904 0.000000 0.932989 1.000000 1.000000 1.000000
1445.340820 0.000000 1151.829102 0.000000 0.634593 0.000000 0.772846 1.000000 1.000000 1.000000
1440.809570 0.000000 1156.165771 0.000000 0.109892 0.000000 0.993944 1.000000 1.000000 1.000000
1558.443115 0.000000 1113.689819 0.000000 0.777028 0.000000 0.629466 1.000000 1.000000 1.000000
1538.251465 0.000000 1138.463867 0.000000 0.749105 0.000000 0.662451 1.000000 1.000000 1.000000
1593.463501 0.000000 1201.833862 0.000000 0.211631 0.000000 0.977350 1.000000 1.000000 1.000000
2878.980957 0.000000 635.731079 0.000000 0.120372 0.000000 0.992729 1.000000 1.000000 1.000000
2891.804688 0.000000 650.849731 0.000000 0.347707 0.000000 0.937603 1.000000 1.000000 1.000000
2912.277344 0.000000 661.187439 0.000000 0.364244 0.000000 0.931304 1.000000 1.000000 1.000000
2911.306641 0.000000 659.082764 0.000000 0.559806 0.000000 0.828623 1.000000 1.000000 1.000000
2913.923584 0.000000 660.518982 0.000000 0.783240 0.000000 0.621720 1.000000 1.000000 1.000000
2641.958984 0.000000 1014.468445 0.000000 0.625572 0.000000 0.780167 1.000000 1.000000 1.000000
2643.280029 0.000000 1011.229797 0.000000 0.509199 0.000000 0.860649 1.000000 1.000000 1.000000
2650.116699 0.000000 1006.622498 0.000000 0.078872 0.000000 0.996885 1.000000 1.000000 1.000000
2648.308105 0.000000 1007.853760 0.000000 0.157291 0.000000 0.987552 1.000000 1.000000 1.000000
2690.124756 0.000000 956.817688 0.000000 0.530503 0.000000 0.847683 1.000000 1.000000 1.000000
2744.213379 0.000000 934.284729 0.000000 0.662852 0.000000 0.748751 1.000000 1.000000 1.000000
3100.452637 0.000000 582.480408 0.000000 0.658754 0.000000 0.752358 1.000000 1.000000 1.000000
3305.983154 0.000000 575.893921 0.000000 0.766082 0.000000 0.642742 1.000000 1.000000 1.000000
3320.072754 0.000000 582.456604 0.000000 0.437153 0.000000 0.899387 1.000000 1.000000 1.000000
3335.484863 0.000000 577.593994 0.000000 0.230056 0.000000 0.973177 1.000000 1.000000 1.000000
2617.213379 0.000000 1073.896362 0.000000 0.472343 0.000000 0.881415 1.000000 1.000000 1.000000
2680.229004 0.000000 1030.237793 0.000000 0.488421 0.000000 0.872608 1.000000 1.000000 1.000000
2681.791260 0.000000 1027.149170 0.000000 0.837431 0.000000 0.546543 1.000000 1.000000 1.000000
2653.631836 0.000000 1085.837402 0.000000 0.854458 0.000000 0.519521 1.000000 1.000000 1.000000
2612.969482 0.000000 1098.354736 0.000000 0.235066 0.000000 0.971979 1.000000 1.000000 1.000000
2636.842285 0.000000 1108.365845 0.000000 0.659294 0.000000 0.751885 1.000000 1.000000 1.000000
2679.488770 0.000000 1098.436646 0.000000 0.081468 0.000000 0.996676 1.000000 1.000000 1.000000
2647.496582 0.000000 1130.421021 0.000000 0.522094 0.000000 0.852888 1.000000 1.000000 1.000000
2793.802002 0.000000 1053.015869 0.000000 0.779015 0.000000 0.627005 1.000000 1.000000 1.000000
2787.403564 0.000000 1070.142090 0.000000 0.809773 0.000000 0.586744 1.000000 1.000000 1.000000
2783.677734 0.000000 1072.562256 0.000000 0.285893 0.000000 0.958261 1.000000 1.000000 1.000000
2688.332031 0.000000 1140.953125 0.000000 0.781410 0.000000 0.624018 1.000000 1.000000 1.000000
2780.530762 0.000000 1094.230347 0.000000 0.836885 0.000000 0.547378 1.000000 1.000000 1.000000
2668.202148 0.000000 1211.310913 0.000000 0.622928 0.000000 0.782279 1.000000 1.000000 1.000000
2707.306641 0.000000 1196.209595 0.000000 0.312341 0.000000 0.949970 1.000000 1.000000 1.000000
2801.919922 0.000000 1174.390259 0.000000 0.224804 0.000000 0.974404 1.000000 1.000000 1.000000
2796.803223 0.000000 1172.334595 0.000000 0.102468 0.000000 0.994736 1.000000 1.000000 1.000000
2798.667480 0.000000 1175.764771 0.000000 0.008487 0.000000 0.999964 1.000000 1.000000 1.000000
2798.681396 0.000000 1173.528687 0.000000 0.848453 0.000000 0.529270 1.000000 1.000000 1.000000
2848.056152 0.000000 1095.393677 0.000000 0.621770 0.000000 0.783200 1.000000 1.000000 1.000000
2855.524170 0.000000 1110.141846 0.000000 0.247797 0.000000 0.968812 1.000000 1.000000 1.000000
2851.585205 0.000000 1112.396484 0.000000 0.341914 0.000000 0.939731 1.000000 1.000000 1.000000
2969.127441 0.000000 1073.896362 0.000000 0.201390 0.000000 0.979511 1.000000 1.000000 1.000000
2966.099365 0.000000 1081.705444 0.000000 0.795993 0.000000 0.605306 1.000000 1.000000 1.000000
2987.781250 0.000000 1066.646606 0.000000 0.593378 0.000000 0.804924 1.000000 1.000000 1.000000
3011.348877 0.000000 1070.142090 0.000000 0.677693 0.000000 0.735345 1.000000 1.000000 1.000000
3045.970947 0.000000 1115.685791 0.000000 0.110801 0.000000 0.993843 1.000000 1.000000 1.000000
3069.530273 0.000000 1149.806152 0.000000 0.269472 0.000000 0.963008 1.000000 1.000000 1.000000
2845.584961 0.000000 1213.774902 0.000000 0.839589 0.000000 0.543222 1.000000 1.000000 1.000000
3004.476074 0.000000 1158.199097 0.000000 0.746235 0.000000 0.665683 1.000000 1.000000 1.000000
2996.042969 0.000000 1191.624634 0.000000 0.264354 0.000000 0.964426 1.000000 1.000000 1.000000
2997.588623 0.000000 1189.748169 0.000000 0.257063 0.000000 0.966395 1.000000 1.000000 1.000000
3007.381592 0.000000 1163.872681 0.000000 0.829918 0.000000 0.557885 1.000000 1.000000 1.000000
3060.749023 0.000000 1187.392700 0.000000 0.512915 0.000000 0.858439 1.000000 1.000000 1.000000
3061.572998 0.000000 1189.748169 0.000000 0.741286 0.000000 0.671189 1.000000 1.000000 1.000000
3000.150879 0.000000 1222.144043 0.000000 0.393278 0.000000 0.919420 1.000000 1.000000 1.000000
3108.927979 0.000000 1138.351929 0.000000 0.694024 0.000000 0.719952 1.000000 1.000000 1.000000
3103.493164 0.000000 1145.004883 0.000000 0.110135 0.000000 0.993917 1.000000 1.000000 1.000000
3156.725586 0.000000 1123.423950 0.000000 0.728009 0.000000 0.685568 1.000000 1.000000 1.000000
3287.340332 0.000000 1066.452271 0.000000 0.600104 0.000000 0.799922 1.000000 1.000000 1.000000
3097.584473 0.000000 1174.591064 0.000000 0.454963 0.000000 0.890511 1.000000 1.000000 1.000000
3092.552979 0.000000 1175.348755 0.000000 0.579377 0.000000 0.815059 1.000000 1.000000 1.000000
3092.741211 0.000000 1187.392700 0.000000 0.293943 0.000000 0.955823 1.000000 1.000000 1.000000
3091.966309 0.000000 1184.455444 0.000000 0.285755 0.000000 0.958303 1.000000 1.000000 1.000000
3157.840576 0.000000 1201.611450 0.000000 0.580345 0.000000 0.814371 1.000000 1.000000 1.000000
3175.523926 0.000000 1185.297119 0.000000 0.716778 0.000000 0.697302 1.000000 1.000000 1.000000
3161.674072 0.000000 1219.055420 0.000000 0.182476 0.000000 0.983210 1.000000 1.000000 1.000000
3249.923584 0.000000 1186.291626 0.000000 0.766718 0.000000 0.641984 1.000000 1.000000 1.000000
3233.339844 0.000000 1207.096313 0.000000 0.726111 0.000000 0.687577 1.000000 1.000000 1.000000
3210.704102 0.000000 1231.117554 0.000000 0.721274 0.000000 0.692650 1.000000 1.000000 1.000000
3217.891846 0.000000 1231.966675 0.000000 0.017585 0.000000 0.999845 1.000000 1.000000 1.000000
3214.685303 0.000000 1229.531494 0.000000 0.055738 0.000000 0.998445 1.000000 1.000000 1.000000
"}
object={
	name="tree_sakura_forest_generator_1"
	render_pass=Map
	clamp_to_water_level=no
	generated_content=yes
	layer="tree_high_layer"
	pdxmesh="tree_sakura_02_mesh"
	count=119
	transform="1013.249023 0.000000 515.720764 0.000000 0.987888 0.000000 0.155168 1.000000 1.000000 1.000000
1015.531006 0.000000 512.462158 0.000000 0.981842 0.000000 -0.189699 1.000000 1.000000 1.000000
1021.983643 0.000000 565.633301 0.000000 0.956307 0.000000 0.292365 1.000000 1.000000 1.000000
1017.604065 0.000000 626.115112 0.000000 0.899111 0.000000 -0.437721 1.000000 1.000000 1.000000
1180.036255 0.000000 473.951721 0.000000 0.965682 0.000000 0.259728 1.000000 1.000000 1.000000
1174.661743 0.000000 469.425781 0.000000 0.999792 0.000000 0.020372 1.000000 1.000000 1.000000
1178.053223 0.000000 470.934845 0.000000 0.931542 0.000000 0.363634 1.000000 1.000000 1.000000
1167.065918 0.000000 472.108551 0.000000 0.968802 0.000000 -0.247836 1.000000 1.000000 1.000000
1319.363159 0.000000 404.136932 0.000000 0.929037 0.000000 -0.369986 1.000000 1.000000 1.000000
1338.437012 0.000000 494.872498 0.000000 0.994616 0.000000 -0.103631 1.000000 1.000000 1.000000
1337.903198 0.000000 492.312775 0.000000 0.976636 0.000000 -0.214900 1.000000 1.000000 1.000000
1374.303833 0.000000 497.836456 0.000000 0.964960 0.000000 -0.262398 1.000000 1.000000 1.000000
1370.429199 0.000000 494.872498 0.000000 0.999949 0.000000 0.010069 1.000000 1.000000 1.000000
1372.016235 0.000000 499.558319 0.000000 0.996935 0.000000 0.078231 1.000000 1.000000 1.000000
1372.820801 0.000000 495.755432 0.000000 0.966406 0.000000 -0.257019 1.000000 1.000000 1.000000
1374.676636 0.000000 494.711792 0.000000 0.951851 0.000000 -0.306562 1.000000 1.000000 1.000000
1380.844604 0.000000 510.607117 0.000000 0.901299 0.000000 0.433198 1.000000 1.000000 1.000000
1378.454956 0.000000 511.724854 0.000000 0.948257 0.000000 -0.317503 1.000000 1.000000 1.000000
1415.875854 0.000000 502.438690 0.000000 0.999234 0.000000 -0.039128 1.000000 1.000000 1.000000
1417.429321 0.000000 496.824249 0.000000 0.942443 0.000000 0.334365 1.000000 1.000000 1.000000
1117.366211 0.000000 525.042297 0.000000 0.872804 0.000000 0.488071 1.000000 1.000000 1.000000
1074.341797 0.000000 598.671570 0.000000 0.935492 0.000000 -0.353348 1.000000 1.000000 1.000000
1058.533081 0.000000 607.677979 0.000000 0.946343 0.000000 -0.323165 1.000000 1.000000 1.000000
1159.938354 0.000000 534.423096 0.000000 0.914432 0.000000 -0.404739 1.000000 1.000000 1.000000
1186.491821 0.000000 573.005188 0.000000 0.966051 0.000000 0.258353 1.000000 1.000000 1.000000
1189.396729 0.000000 562.633118 0.000000 0.953836 0.000000 -0.300329 1.000000 1.000000 1.000000
1190.702148 0.000000 568.557800 0.000000 0.959376 0.000000 -0.282132 1.000000 1.000000 1.000000
1181.944580 0.000000 597.617676 0.000000 0.995076 0.000000 -0.099114 1.000000 1.000000 1.000000
1168.612793 0.000000 618.155396 0.000000 0.952675 0.000000 -0.303992 1.000000 1.000000 1.000000
1219.786499 0.000000 622.360840 0.000000 0.970469 0.000000 -0.241227 1.000000 1.000000 1.000000
1334.497803 0.000000 537.971008 0.000000 0.929749 0.000000 0.368193 1.000000 1.000000 1.000000
1332.982666 0.000000 535.661194 0.000000 0.925937 0.000000 0.377677 1.000000 1.000000 1.000000
1335.816895 0.000000 554.702209 0.000000 0.923689 0.000000 -0.383143 1.000000 1.000000 1.000000
1363.592407 0.000000 531.464172 0.000000 0.905010 0.000000 -0.425391 1.000000 1.000000 1.000000
1386.145752 0.000000 541.265930 0.000000 0.970340 0.000000 0.241744 1.000000 1.000000 1.000000
1351.891479 0.000000 598.391846 0.000000 0.949289 0.000000 -0.314404 1.000000 1.000000 1.000000
1420.164185 0.000000 586.880981 0.000000 0.990408 0.000000 0.138176 1.000000 1.000000 1.000000
1422.441040 0.000000 587.531372 0.000000 0.877070 0.000000 0.480362 1.000000 1.000000 1.000000
1122.507446 0.000000 1020.786438 0.000000 0.990645 0.000000 -0.136465 1.000000 1.000000 1.000000
1119.778198 0.000000 1022.044006 0.000000 0.926386 0.000000 0.376576 1.000000 1.000000 1.000000
1188.341187 0.000000 986.937683 0.000000 0.874926 0.000000 -0.484257 1.000000 1.000000 1.000000
957.999268 0.000000 1109.367676 0.000000 0.971628 0.000000 0.236513 1.000000 1.000000 1.000000
954.107910 0.000000 1110.622314 0.000000 0.982702 0.000000 -0.185194 1.000000 1.000000 1.000000
988.968201 0.000000 1094.230347 0.000000 0.975912 0.000000 0.218165 1.000000 1.000000 1.000000
987.448975 0.000000 1097.730103 0.000000 0.998680 0.000000 0.051358 1.000000 1.000000 1.000000
960.517151 0.000000 1127.378052 0.000000 0.935407 0.000000 0.353574 1.000000 1.000000 1.000000
1035.235229 0.000000 1135.164429 0.000000 0.867973 0.000000 0.496612 1.000000 1.000000 1.000000
1142.544678 0.000000 1113.689819 0.000000 0.930294 0.000000 0.366815 1.000000 1.000000 1.000000
1105.494995 0.000000 1125.022705 0.000000 0.968113 0.000000 0.250514 1.000000 1.000000 1.000000
1159.938354 0.000000 1046.173096 0.000000 0.978228 0.000000 -0.207533 1.000000 1.000000 1.000000
1181.944580 0.000000 1077.383301 0.000000 0.923995 0.000000 -0.382405 1.000000 1.000000 1.000000
1214.422729 0.000000 1065.892456 0.000000 0.900876 0.000000 0.434076 1.000000 1.000000 1.000000
1216.454712 0.000000 1063.409302 0.000000 0.887365 0.000000 -0.461068 1.000000 1.000000 1.000000
1159.820801 0.000000 1100.758301 0.000000 0.949844 0.000000 0.312723 1.000000 1.000000 1.000000
1383.454834 0.000000 1071.953979 0.000000 0.997932 0.000000 0.064274 1.000000 1.000000 1.000000
1291.172729 0.000000 1103.180054 0.000000 0.999997 0.000000 0.002346 1.000000 1.000000 1.000000
1282.468384 0.000000 1148.723999 0.000000 0.998538 0.000000 -0.054062 1.000000 1.000000 1.000000
1352.206055 0.000000 1128.158569 0.000000 0.997359 0.000000 -0.072636 1.000000 1.000000 1.000000
1356.179810 0.000000 1130.615356 0.000000 0.999650 0.000000 -0.026453 1.000000 1.000000 1.000000
1413.709351 0.000000 1154.238403 0.000000 0.973996 0.000000 -0.226566 1.000000 1.000000 1.000000
1536.613403 0.000000 1140.953125 0.000000 0.998637 0.000000 0.052194 1.000000 1.000000 1.000000
1543.844604 0.000000 1142.126221 0.000000 0.980531 0.000000 0.196366 1.000000 1.000000 1.000000
1539.753296 0.000000 1141.193604 0.000000 0.913101 0.000000 -0.407733 1.000000 1.000000 1.000000
1699.669312 0.000000 1262.048340 0.000000 0.946709 0.000000 0.322089 1.000000 1.000000 1.000000
2910.448975 0.000000 659.754639 0.000000 0.882282 0.000000 0.470721 1.000000 1.000000 1.000000
2659.434814 0.000000 974.188965 0.000000 0.871141 0.000000 0.491033 1.000000 1.000000 1.000000
2716.975586 0.000000 940.839172 0.000000 0.973075 0.000000 -0.230488 1.000000 1.000000 1.000000
2737.935547 0.000000 982.484070 0.000000 0.979556 0.000000 -0.201171 1.000000 1.000000 1.000000
2701.527344 0.000000 995.345459 0.000000 0.989393 0.000000 -0.145263 1.000000 1.000000 1.000000
2723.616455 0.000000 1016.443359 0.000000 0.997489 0.000000 -0.070823 1.000000 1.000000 1.000000
3332.879883 0.000000 576.110291 0.000000 0.996398 0.000000 -0.084796 1.000000 1.000000 1.000000
2573.558594 0.000000 1059.314209 0.000000 0.982517 0.000000 -0.186174 1.000000 1.000000 1.000000
2614.434326 0.000000 1070.623047 0.000000 0.958636 0.000000 0.284634 1.000000 1.000000 1.000000
2650.883545 0.000000 1087.844971 0.000000 0.984735 0.000000 0.174061 1.000000 1.000000 1.000000
2676.953857 0.000000 1098.354736 0.000000 0.977200 0.000000 -0.212319 1.000000 1.000000 1.000000
2678.636230 0.000000 1096.130737 0.000000 0.999269 0.000000 0.038220 1.000000 1.000000 1.000000
2644.128906 0.000000 1127.655884 0.000000 0.914535 0.000000 -0.404507 1.000000 1.000000 1.000000
2685.577393 0.000000 1141.352051 0.000000 0.925864 0.000000 -0.377856 1.000000 1.000000 1.000000
2723.966064 0.000000 1050.906494 0.000000 0.999979 0.000000 -0.006546 1.000000 1.000000 1.000000
2688.332031 0.000000 1076.984375 0.000000 0.996766 0.000000 0.080362 1.000000 1.000000 1.000000
2769.927734 0.000000 1078.437134 0.000000 0.944159 0.000000 -0.329491 1.000000 1.000000 1.000000
2784.308594 0.000000 1076.984375 0.000000 0.954864 0.000000 -0.297043 1.000000 1.000000 1.000000
2695.877930 0.000000 1096.174194 0.000000 0.969686 0.000000 -0.244353 1.000000 1.000000 1.000000
2747.653320 0.000000 1113.639282 0.000000 0.984390 0.000000 -0.176000 1.000000 1.000000 1.000000
2743.455322 0.000000 1111.562012 0.000000 0.993360 0.000000 0.115046 1.000000 1.000000 1.000000
2652.562012 0.000000 1222.167847 0.000000 0.947441 0.000000 0.319929 1.000000 1.000000 1.000000
2713.189941 0.000000 1169.849487 0.000000 0.991300 0.000000 0.131621 1.000000 1.000000 1.000000
2706.016846 0.000000 1199.982300 0.000000 0.886172 0.000000 0.463356 1.000000 1.000000 1.000000
2937.623535 0.000000 1078.637939 0.000000 0.939831 0.000000 -0.341640 1.000000 1.000000 1.000000
2820.151855 0.000000 1092.588745 0.000000 0.952813 0.000000 -0.303559 1.000000 1.000000 1.000000
2848.465820 0.000000 1092.197021 0.000000 0.996304 0.000000 0.085901 1.000000 1.000000 1.000000
2983.807617 0.000000 1096.174194 0.000000 0.999554 0.000000 0.029859 1.000000 1.000000 1.000000
3004.422363 0.000000 1103.458496 0.000000 0.962219 0.000000 0.272278 1.000000 1.000000 1.000000
2969.127441 0.000000 1137.865112 0.000000 0.995960 0.000000 0.089796 1.000000 1.000000 1.000000
3057.857422 0.000000 1110.421509 0.000000 0.989761 0.000000 0.142736 1.000000 1.000000 1.000000
3058.730713 0.000000 1113.656372 0.000000 0.996486 0.000000 -0.083754 1.000000 1.000000 1.000000
2861.488281 0.000000 1155.267334 0.000000 0.986064 0.000000 -0.166369 1.000000 1.000000 1.000000
2862.056885 0.000000 1152.297363 0.000000 0.908030 0.000000 0.418905 1.000000 1.000000 1.000000
2914.070068 0.000000 1212.692749 0.000000 0.996492 0.000000 -0.083689 1.000000 1.000000 1.000000
2917.219482 0.000000 1191.132935 0.000000 0.956561 0.000000 0.291533 1.000000 1.000000 1.000000
2815.428467 0.000000 1259.825806 0.000000 0.991766 0.000000 0.128064 1.000000 1.000000 1.000000
2946.062256 0.000000 1212.692749 0.000000 0.981006 0.000000 0.193979 1.000000 1.000000 1.000000
3066.781982 0.000000 1151.813721 0.000000 0.999867 0.000000 -0.016287 1.000000 1.000000 1.000000
2827.146484 0.000000 1304.576416 0.000000 0.916720 0.000000 -0.399530 1.000000 1.000000 1.000000
2822.025635 0.000000 1307.592041 0.000000 0.998764 0.000000 -0.049702 1.000000 1.000000 1.000000
3098.774170 0.000000 1119.829346 0.000000 0.889561 0.000000 -0.456817 1.000000 1.000000 1.000000
3101.522461 0.000000 1149.806152 0.000000 0.974811 0.000000 -0.223033 1.000000 1.000000 1.000000
3101.079346 0.000000 1122.641479 0.000000 0.997218 0.000000 0.074539 1.000000 1.000000 1.000000
3103.430908 0.000000 1121.097534 0.000000 0.941030 0.000000 0.338323 1.000000 1.000000 1.000000
3155.350586 0.000000 1125.467773 0.000000 0.999646 0.000000 -0.026599 1.000000 1.000000 1.000000
3167.583984 0.000000 1136.531006 0.000000 0.977934 0.000000 -0.208914 1.000000 1.000000 1.000000
3210.704102 0.000000 1039.211304 0.000000 0.868127 0.000000 -0.496342 1.000000 1.000000 1.000000
3277.589355 0.000000 1031.152222 0.000000 0.917023 0.000000 -0.398834 1.000000 1.000000 1.000000
3274.567383 0.000000 1030.656738 0.000000 0.962243 0.000000 -0.272193 1.000000 1.000000 1.000000
3300.887695 0.000000 1023.891541 0.000000 0.999917 0.000000 0.012911 1.000000 1.000000 1.000000
3303.492676 0.000000 1025.375244 0.000000 0.981297 0.000000 0.192499 1.000000 1.000000 1.000000
3164.866211 0.000000 1164.729736 0.000000 0.953931 0.000000 -0.300027 1.000000 1.000000 1.000000
3232.199219 0.000000 1204.921875 0.000000 0.999061 0.000000 -0.043321 1.000000 1.000000 1.000000
3231.461914 0.000000 1208.973633 0.000000 0.981489 0.000000 0.191521 1.000000 1.000000 1.000000
"}
object={
	name="tree_sakura_forest_generator_2"
	render_pass=Map
	clamp_to_water_level=no
	generated_content=yes
	layer="tree_high_layer"
	pdxmesh="tree_sakura_03_mesh"
	count=102
	transform="996.038208 0.000000 504.693359 0.000000 0.160068 0.000000 -0.987106 1.000000 1.000000 1.000000
1011.917480 0.000000 542.710876 0.000000 0.688354 0.000000 -0.725375 1.000000 1.000000 1.000000
1009.505005 0.000000 544.013794 0.000000 0.003311 0.000000 -0.999995 1.000000 1.000000 1.000000
1014.700806 0.000000 597.363281 0.000000 0.364450 0.000000 -0.931223 1.000000 1.000000 1.000000
1014.700806 0.000000 629.347656 0.000000 0.808136 0.000000 -0.588996 1.000000 1.000000 1.000000
1018.092285 0.000000 630.856750 0.000000 0.671663 0.000000 -0.740856 1.000000 1.000000 1.000000
1015.877258 0.000000 631.796448 0.000000 0.758782 0.000000 -0.651345 1.000000 1.000000 1.000000
1190.702148 0.000000 504.589020 0.000000 0.404275 0.000000 -0.914638 1.000000 1.000000 1.000000
1315.960083 0.000000 408.740234 0.000000 0.821118 0.000000 -0.570758 1.000000 1.000000 1.000000
1335.816895 0.000000 490.733459 0.000000 0.093967 0.000000 -0.995575 1.000000 1.000000 1.000000
1374.823853 0.000000 499.832733 0.000000 0.118746 0.000000 -0.992925 1.000000 1.000000 1.000000
1374.462402 0.000000 496.301910 0.000000 0.341253 0.000000 -0.939972 1.000000 1.000000 1.000000
1375.681641 0.000000 499.160858 0.000000 0.632451 0.000000 -0.774600 1.000000 1.000000 1.000000
1024.738403 0.000000 565.234314 0.000000 0.384271 0.000000 -0.923220 1.000000 1.000000 1.000000
1111.871582 0.000000 522.717834 0.000000 0.200368 0.000000 -0.979721 1.000000 1.000000 1.000000
1058.523071 0.000000 604.989563 0.000000 0.499947 0.000000 -0.866056 1.000000 1.000000 1.000000
1154.499634 0.000000 541.020813 0.000000 0.566408 0.000000 -0.824125 1.000000 1.000000 1.000000
1187.794312 0.000000 558.392090 0.000000 0.676380 0.000000 -0.736553 1.000000 1.000000 1.000000
1186.166870 0.000000 570.438110 0.000000 0.809682 0.000000 -0.586868 1.000000 1.000000 1.000000
1202.310547 0.000000 598.671570 0.000000 0.115699 0.000000 -0.993284 1.000000 1.000000 1.000000
1339.363037 0.000000 553.995789 0.000000 0.471336 0.000000 -0.881954 1.000000 1.000000 1.000000
1334.964478 0.000000 552.396362 0.000000 0.599627 0.000000 -0.800280 1.000000 1.000000 1.000000
1362.344971 0.000000 528.310364 0.000000 0.299150 0.000000 -0.954206 1.000000 1.000000 1.000000
1359.027588 0.000000 529.649292 0.000000 0.536276 0.000000 -0.844043 1.000000 1.000000 1.000000
1381.356445 0.000000 512.141541 0.000000 0.629416 0.000000 -0.777068 1.000000 1.000000 1.000000
1387.497925 0.000000 536.951355 0.000000 0.344782 0.000000 -0.938683 1.000000 1.000000 1.000000
1379.060181 0.000000 514.091492 0.000000 0.140025 0.000000 -0.990148 1.000000 1.000000 1.000000
1388.514526 0.000000 539.639038 0.000000 0.454246 0.000000 -0.890876 1.000000 1.000000 1.000000
1337.265381 0.000000 698.947815 0.000000 0.178399 0.000000 -0.983958 1.000000 1.000000 1.000000
1403.981567 0.000000 665.857971 0.000000 0.077563 0.000000 -0.996987 1.000000 1.000000 1.000000
1181.991333 0.000000 1021.868591 0.000000 0.543315 0.000000 -0.839529 1.000000 1.000000 1.000000
1189.403320 0.000000 991.907166 0.000000 0.776653 0.000000 -0.629928 1.000000 1.000000 1.000000
970.247314 0.000000 1085.000244 0.000000 0.136541 0.000000 -0.990634 1.000000 1.000000 1.000000
956.090942 0.000000 1113.639282 0.000000 0.638652 0.000000 -0.769495 1.000000 1.000000 1.000000
964.604919 0.000000 1124.573120 0.000000 0.517569 0.000000 -0.855641 1.000000 1.000000 1.000000
1118.554932 0.000000 1023.903320 0.000000 0.716225 0.000000 -0.697870 1.000000 1.000000 1.000000
1119.915405 0.000000 1025.144409 0.000000 0.481497 0.000000 -0.876448 1.000000 1.000000 1.000000
1037.534302 0.000000 1135.573486 0.000000 0.863038 0.000000 -0.505139 1.000000 1.000000 1.000000
1096.773926 0.000000 1113.684204 0.000000 0.410579 0.000000 -0.911825 1.000000 1.000000 1.000000
1153.100342 0.000000 1070.250977 0.000000 0.449434 0.000000 -0.893313 1.000000 1.000000 1.000000
1188.550293 0.000000 1060.604370 0.000000 0.501294 0.000000 -0.865277 1.000000 1.000000 1.000000
1183.961914 0.000000 1081.036133 0.000000 0.481839 0.000000 -0.876260 1.000000 1.000000 1.000000
1185.839844 0.000000 1079.158813 0.000000 0.346674 0.000000 -0.937986 1.000000 1.000000 1.000000
1133.209473 0.000000 1172.334595 0.000000 0.051986 0.000000 -0.998648 1.000000 1.000000 1.000000
1375.715698 0.000000 1054.028442 0.000000 0.414198 0.000000 -0.910187 1.000000 1.000000 1.000000
1293.170410 0.000000 1108.365845 0.000000 0.691516 0.000000 -0.722362 1.000000 1.000000 1.000000
1292.389282 0.000000 1105.828857 0.000000 0.328150 0.000000 -0.944625 1.000000 1.000000 1.000000
1422.408325 0.000000 1088.328613 0.000000 0.661547 0.000000 -0.749904 1.000000 1.000000 1.000000
1376.415649 0.000000 1159.362427 0.000000 0.646345 0.000000 -0.763046 1.000000 1.000000 1.000000
1436.858887 0.000000 1158.199097 0.000000 0.252460 0.000000 -0.967607 1.000000 1.000000 1.000000
1415.953735 0.000000 1153.312744 0.000000 0.558042 0.000000 -0.829813 1.000000 1.000000 1.000000
1438.660278 0.000000 1156.570557 0.000000 0.352936 0.000000 -0.935647 1.000000 1.000000 1.000000
1488.534668 0.000000 1161.889771 0.000000 0.142529 0.000000 -0.989791 1.000000 1.000000 1.000000
1541.310791 0.000000 1138.351929 0.000000 0.118409 0.000000 -0.992965 1.000000 1.000000 1.000000
1643.435425 0.000000 1208.623291 0.000000 0.093582 0.000000 -0.995612 1.000000 1.000000 1.000000
2858.790039 0.000000 655.398743 0.000000 0.606278 0.000000 -0.795253 1.000000 1.000000 1.000000
2911.646484 0.000000 656.765381 0.000000 0.503120 0.000000 -0.864216 1.000000 1.000000 1.000000
2913.915527 0.000000 658.698303 0.000000 0.674424 0.000000 -0.738345 1.000000 1.000000 1.000000
2656.733154 0.000000 974.297852 0.000000 0.337909 0.000000 -0.941179 1.000000 1.000000 1.000000
2697.825439 0.000000 957.062805 0.000000 0.572138 0.000000 -0.820157 1.000000 1.000000 1.000000
3305.677002 0.000000 573.250305 0.000000 0.477912 0.000000 -0.878408 1.000000 1.000000 1.000000
3303.382812 0.000000 574.795654 0.000000 0.609222 0.000000 -0.793000 1.000000 1.000000 1.000000
3321.952637 0.000000 590.825623 0.000000 0.556771 0.000000 -0.830666 1.000000 1.000000 1.000000
2615.504395 0.000000 1098.436646 0.000000 0.835157 0.000000 -0.550012 1.000000 1.000000 1.000000
2722.116943 0.000000 1052.770874 0.000000 0.088454 0.000000 -0.996080 1.000000 1.000000 1.000000
2723.616455 0.000000 1048.427734 0.000000 0.063245 0.000000 -0.997998 1.000000 1.000000 1.000000
2794.108154 0.000000 1055.659546 0.000000 0.301166 0.000000 -0.953572 1.000000 1.000000 1.000000
2742.154053 0.000000 1113.689819 0.000000 0.638153 0.000000 -0.769910 1.000000 1.000000 1.000000
2742.278809 0.000000 1109.113281 0.000000 0.784974 0.000000 -0.619528 1.000000 1.000000 1.000000
2710.286621 0.000000 1141.097656 0.000000 0.813218 0.000000 -0.581960 1.000000 1.000000 1.000000
2756.167480 0.000000 1124.573120 0.000000 0.792623 0.000000 -0.609712 1.000000 1.000000 1.000000
2774.612793 0.000000 1128.115112 0.000000 0.810235 0.000000 -0.586105 1.000000 1.000000 1.000000
2671.006592 0.000000 1211.381836 0.000000 0.806505 0.000000 -0.591228 1.000000 1.000000 1.000000
2666.139404 0.000000 1215.581421 0.000000 0.701138 0.000000 -0.713025 1.000000 1.000000 1.000000
2711.480957 0.000000 1194.389771 0.000000 0.485332 0.000000 -0.874330 1.000000 1.000000 1.000000
2778.852295 0.000000 1183.798096 0.000000 0.121324 0.000000 -0.992613 1.000000 1.000000 1.000000
2783.509033 0.000000 1185.066284 0.000000 0.841680 0.000000 -0.539976 1.000000 1.000000 1.000000
2871.441895 0.000000 1098.436646 0.000000 0.321463 0.000000 -0.946922 1.000000 1.000000 1.000000
2971.625732 0.000000 1075.277100 0.000000 0.850930 0.000000 -0.525279 1.000000 1.000000 1.000000
2992.167480 0.000000 1065.936646 0.000000 0.641103 0.000000 -0.767455 1.000000 1.000000 1.000000
2971.625732 0.000000 1139.245850 0.000000 0.328011 0.000000 -0.944674 1.000000 1.000000 1.000000
3042.038818 0.000000 1116.739624 0.000000 0.790093 0.000000 -0.612987 1.000000 1.000000 1.000000
3044.943604 0.000000 1138.351929 0.000000 0.205866 0.000000 -0.978580 1.000000 1.000000 1.000000
2838.130615 0.000000 1209.642944 0.000000 0.825331 0.000000 -0.564649 1.000000 1.000000 1.000000
2916.128418 0.000000 1188.541870 0.000000 0.357406 0.000000 -0.933949 1.000000 1.000000 1.000000
2869.910889 0.000000 1233.595825 0.000000 0.025229 0.000000 -0.999682 1.000000 1.000000 1.000000
2916.981445 0.000000 1215.797852 0.000000 0.256356 0.000000 -0.966582 1.000000 1.000000 1.000000
3030.083740 0.000000 1241.627319 0.000000 0.686709 0.000000 -0.726933 1.000000 1.000000 1.000000
3074.031006 0.000000 1084.755249 0.000000 0.838414 0.000000 -0.545034 1.000000 1.000000 1.000000
3103.493164 0.000000 1081.036133 0.000000 0.041489 0.000000 -0.999139 1.000000 1.000000 1.000000
3091.409668 0.000000 1182.398438 0.000000 0.731880 0.000000 -0.681433 1.000000 1.000000 1.000000
3094.192871 0.000000 1173.082031 0.000000 0.355271 0.000000 -0.934763 1.000000 1.000000 1.000000
3088.997314 0.000000 1183.701294 0.000000 0.838606 0.000000 -0.544738 1.000000 1.000000 1.000000
3159.371582 0.000000 1162.405396 0.000000 0.456957 0.000000 -0.889489 1.000000 1.000000 1.000000
3164.437012 0.000000 1158.199097 0.000000 0.156221 0.000000 -0.987722 1.000000 1.000000 1.000000
3165.946289 0.000000 1161.845581 0.000000 0.649161 0.000000 -0.760651 1.000000 1.000000 1.000000
3167.342529 0.000000 1163.872681 0.000000 0.797654 0.000000 -0.603115 1.000000 1.000000 1.000000
3123.162842 0.000000 1235.120361 0.000000 0.153465 0.000000 -0.988154 1.000000 1.000000 1.000000
3125.848389 0.000000 1233.595825 0.000000 0.251070 0.000000 -0.967969 1.000000 1.000000 1.000000
3071.365967 0.000000 1259.825806 0.000000 0.587050 0.000000 -0.809550 1.000000 1.000000 1.000000
3222.036865 0.000000 1241.627319 0.000000 0.406415 0.000000 -0.913689 1.000000 1.000000 1.000000
3344.081543 0.000000 1097.921021 0.000000 0.843563 0.000000 -0.537030 1.000000 1.000000 1.000000
"}
