object={
	name="tree_palm_generator_1_0"
	render_pass=Map
	clamp_to_water_level=no
	generated_content=yes
	layer="tree_high_layer"
	pdxmesh="tree_palm_01_a_mesh"
	count=144
	transform="1012.436096 0.000000 757.396667 0.000000 0.868465 0.000000 0.495750 0.670993 0.670993 0.670993
1386.771851 0.000000 242.019577 0.000000 0.962586 0.000000 -0.270977 0.737980 0.737980 0.737980
1386.761719 0.000000 240.820877 0.000000 0.329675 0.000000 0.944095 0.328827 0.328827 0.328827
1175.532715 0.000000 379.589447 0.000000 0.913234 0.000000 -0.407436 0.757496 0.757496 0.757496
1174.059326 0.000000 379.454834 0.000000 0.583002 0.000000 0.812471 0.570062 0.570062 0.570062
1268.373657 0.000000 373.584167 0.000000 0.179742 0.000000 0.983714 0.587282 0.587282 0.587282
1177.326294 0.000000 385.536957 0.000000 0.995330 0.000000 -0.096531 0.706894 0.706894 0.706894
1214.501465 0.000000 432.333160 0.000000 0.973585 0.000000 -0.228325 0.731561 0.731561 0.731561
1262.027466 0.000000 410.010712 0.000000 0.999900 0.000000 -0.014134 0.700731 0.700731 0.700731
1257.070312 0.000000 404.986145 0.000000 0.653096 0.000000 0.757275 0.644748 0.644748 0.644748
1256.102295 0.000000 408.082703 0.000000 0.069063 0.000000 -0.997612 0.941436 0.941436 0.941436
1257.413818 0.000000 406.506531 0.000000 0.136185 0.000000 0.990683 0.483450 0.483450 0.483450
1223.805176 0.000000 429.086426 0.000000 0.993794 0.000000 -0.111234 0.701714 0.701714 0.701714
1220.105591 0.000000 425.957245 0.000000 0.840473 0.000000 0.541854 0.687991 0.687991 0.687991
1215.720703 0.000000 435.192108 0.000000 0.542267 0.000000 0.840206 0.644208 0.644208 0.644208
1342.683716 0.000000 356.961243 0.000000 0.987089 0.000000 -0.160176 0.710795 0.710795 0.710795
1342.567261 0.000000 360.059784 0.000000 0.663948 0.000000 0.747778 0.646857 0.646857 0.646857
1352.711426 0.000000 378.043610 0.000000 0.522256 0.000000 -0.852789 0.728557 0.728557 0.728557
1349.257324 0.000000 364.359589 0.000000 0.992273 0.000000 0.124071 0.692522 0.692522 0.692522
1351.977173 0.000000 363.334320 0.000000 0.534853 0.000000 -0.844945 0.830860 0.830860 0.830860
1350.563599 0.000000 363.705414 0.000000 0.681797 0.000000 0.731541 0.593308 0.593308 0.593308
1349.181030 0.000000 362.864960 0.000000 0.928781 0.000000 -0.370628 0.769007 0.769007 0.769007
1302.159302 0.000000 444.900604 0.000000 0.833328 0.000000 0.552779 0.676254 0.676254 0.676254
1361.419067 0.000000 448.060638 0.000000 0.054952 0.000000 -0.998489 0.719073 0.719073 0.719073
1378.410278 0.000000 456.938965 0.000000 0.470143 0.000000 -0.882590 0.826990 0.826990 0.826990
1381.553955 0.000000 457.015808 0.000000 0.435904 0.000000 -0.899993 0.870638 0.870638 0.870638
1384.262573 0.000000 457.882904 0.000000 0.955659 0.000000 -0.294475 0.744714 0.744714 0.744714
1382.815430 0.000000 456.432312 0.000000 0.988381 0.000000 0.151997 0.675254 0.675254 0.675254
1423.003418 0.000000 472.108551 0.000000 0.319007 0.000000 -0.947752 0.743554 0.743554 0.743554
1433.908447 0.000000 473.047638 0.000000 0.909781 0.000000 0.415089 0.656315 0.656315 0.656315
1432.291870 0.000000 473.553070 0.000000 0.945459 0.000000 -0.325740 0.733863 0.733863 0.733863
1427.129028 0.000000 466.069702 0.000000 0.610474 0.000000 0.792037 0.577309 0.577309 0.577309
1429.996826 0.000000 475.407959 0.000000 0.320938 0.000000 0.947100 0.534766 0.534766 0.534766
1455.749756 0.000000 511.630676 0.000000 0.503496 0.000000 0.863997 0.562910 0.562910 0.562910
1453.119507 0.000000 504.509918 0.000000 0.995355 0.000000 0.096277 0.686923 0.686923 0.686923
1455.078369 0.000000 510.241180 0.000000 0.318336 0.000000 -0.947978 0.863855 0.863855 0.863855
1455.428955 0.000000 506.211609 0.000000 0.153300 0.000000 -0.988180 0.917900 0.917900 0.917900
1056.392700 0.000000 763.906616 0.000000 0.877334 0.000000 -0.479880 0.723092 0.723092 0.723092
1179.543335 0.000000 700.540039 0.000000 0.978966 0.000000 -0.204021 0.711777 0.711777 0.711777
1166.764404 0.000000 691.452698 0.000000 0.473065 0.000000 0.881027 0.609571 0.609571 0.609571
1177.143188 0.000000 703.651733 0.000000 0.068963 0.000000 0.997619 0.536232 0.536232 0.536232
1183.762573 0.000000 702.200256 0.000000 0.107581 0.000000 0.994196 0.661138 0.661138 0.661138
1209.934448 0.000000 684.219055 0.000000 0.942146 0.000000 -0.335204 0.717204 0.717204 0.717204
1169.479370 0.000000 709.225891 0.000000 0.624079 0.000000 0.781361 0.676177 0.676177 0.676177
1175.491943 0.000000 704.368408 0.000000 0.294150 0.000000 0.955759 0.655533 0.655533 0.655533
1178.158569 0.000000 707.305420 0.000000 0.917515 0.000000 -0.397700 0.715439 0.715439 0.715439
1169.862427 0.000000 711.927979 0.000000 0.652007 0.000000 -0.758213 0.755344 0.755344 0.755344
1179.668701 0.000000 705.933105 0.000000 0.690523 0.000000 -0.723311 0.762175 0.762175 0.762175
1168.049561 0.000000 711.354858 0.000000 0.999780 0.000000 0.020986 0.698650 0.698650 0.698650
1183.899780 0.000000 705.300720 0.000000 0.197977 0.000000 0.980207 0.682743 0.682743 0.682743
1450.532349 0.000000 538.916260 0.000000 0.841610 0.000000 0.540086 0.664106 0.664106 0.664106
1450.888672 0.000000 543.096191 0.000000 0.260628 0.000000 0.965439 0.608628 0.608628 0.608628
1451.162354 0.000000 540.236572 0.000000 0.575935 0.000000 -0.817495 0.809717 0.809717 0.809717
1447.945923 0.000000 545.609619 0.000000 0.894962 0.000000 -0.446142 0.721336 0.721336 0.721336
1451.793457 0.000000 548.693481 0.000000 0.661637 0.000000 -0.749824 0.740299 0.740299 0.740299
1448.414307 0.000000 543.735474 0.000000 0.049422 0.000000 0.998778 0.597906 0.597906 0.597906
1447.670532 0.000000 547.509827 0.000000 0.803279 0.000000 -0.595603 0.744599 0.744599 0.744599
1452.104614 0.000000 560.637573 0.000000 0.298981 0.000000 0.954259 0.501582 0.501582 0.501582
1453.579102 0.000000 561.320801 0.000000 0.491780 0.000000 0.870720 0.534544 0.534544 0.534544
1310.767944 0.000000 729.192871 0.000000 0.929818 0.000000 -0.368020 0.719495 0.719495 0.719495
1311.363647 0.000000 731.684204 0.000000 0.290884 0.000000 -0.956758 0.785605 0.785605 0.785605
1308.519531 0.000000 727.497559 0.000000 0.679785 0.000000 0.733411 0.653957 0.653957 0.653957
1309.276733 0.000000 731.429993 0.000000 0.598741 0.000000 0.800943 0.648055 0.648055 0.648055
1310.009155 0.000000 727.874146 0.000000 0.285290 0.000000 -0.958441 0.850495 0.850495 0.850495
1330.921997 0.000000 713.989319 0.000000 0.433526 0.000000 -0.901141 0.750214 0.750214 0.750214
1326.492432 0.000000 713.359741 0.000000 0.609804 0.000000 -0.792552 0.790824 0.790824 0.790824
1311.784058 0.000000 726.867859 0.000000 0.669389 0.000000 -0.742912 0.798343 0.798343 0.798343
1337.104126 0.000000 735.636108 0.000000 0.955806 0.000000 -0.293997 0.725031 0.725031 0.725031
1313.173584 0.000000 726.270569 0.000000 0.678708 0.000000 -0.734408 0.829149 0.829149 0.829149
1361.432495 0.000000 837.163391 0.000000 0.693959 0.000000 -0.720015 0.714609 0.714609 0.714609
1298.481323 0.000000 966.394348 0.000000 0.826573 0.000000 0.562829 0.633974 0.633974 0.633974
2781.959961 0.000000 593.789551 0.000000 0.989614 0.000000 0.143749 0.697378 0.697378 0.697378
2780.477051 0.000000 591.708557 0.000000 0.867444 0.000000 -0.497535 0.732762 0.732762 0.732762
2780.504150 0.000000 587.185181 0.000000 0.596777 0.000000 0.802407 0.624481 0.624481 0.624481
2792.007568 0.000000 604.369812 0.000000 0.325980 0.000000 0.945377 0.616871 0.616871 0.616871
2794.560547 0.000000 607.064941 0.000000 0.813362 0.000000 0.581758 0.653994 0.653994 0.653994
2835.890625 0.000000 590.791504 0.000000 0.231156 0.000000 -0.972917 0.799108 0.799108 0.799108
2837.165771 0.000000 585.053711 0.000000 0.368430 0.000000 0.929656 0.558172 0.558172 0.558172
2838.380615 0.000000 585.735291 0.000000 0.258962 0.000000 -0.965887 0.873837 0.873837 0.873837
2839.126465 0.000000 635.464417 0.000000 0.073825 0.000000 -0.997271 0.838123 0.838123 0.838123
2860.155273 0.000000 635.592163 0.000000 0.270942 0.000000 -0.962596 0.745312 0.745312 0.745312
2880.481445 0.000000 626.093506 0.000000 0.620279 0.000000 0.784381 0.596628 0.596628 0.596628
2880.666992 0.000000 627.716003 0.000000 0.993987 0.000000 -0.109499 0.712578 0.712578 0.712578
3048.297363 0.000000 569.949890 0.000000 0.852098 0.000000 -0.523381 0.716172 0.716172 0.716172
3048.993164 0.000000 574.649719 0.000000 0.004599 0.000000 -0.999989 0.936482 0.936482 0.936482
3052.770996 0.000000 577.990112 0.000000 0.878111 0.000000 0.478456 0.630948 0.630948 0.630948
3055.513672 0.000000 576.365173 0.000000 0.129041 0.000000 0.991639 0.552893 0.552893 0.552893
2895.644043 0.000000 642.707703 0.000000 0.044509 0.000000 -0.999009 0.802424 0.802424 0.802424
2895.552734 0.000000 640.333923 0.000000 0.880962 0.000000 -0.473187 0.755129 0.755129 0.755129
2929.888672 0.000000 662.640320 0.000000 0.577292 0.000000 0.816538 0.695993 0.695993 0.695993
2660.190918 0.000000 996.635620 0.000000 0.699678 0.000000 -0.714458 0.712239 0.712239 0.712239
3198.230713 0.000000 548.867493 0.000000 0.912327 0.000000 0.409462 0.671690 0.671690 0.671690
3196.538330 0.000000 548.977417 0.000000 0.995080 0.000000 0.099073 0.687930 0.687930 0.687930
3192.834229 0.000000 577.443176 0.000000 0.298365 0.000000 -0.954452 0.801032 0.801032 0.801032
3211.817139 0.000000 573.767517 0.000000 0.784690 0.000000 -0.619888 0.749542 0.749542 0.749542
3209.609619 0.000000 552.652710 0.000000 0.580678 0.000000 -0.814134 0.817030 0.817030 0.817030
3210.610596 0.000000 553.811646 0.000000 0.994343 0.000000 0.106219 0.686907 0.686907 0.686907
3288.810791 0.000000 577.443176 0.000000 0.995289 0.000000 -0.096951 0.706109 0.706109 0.706109
3292.251709 0.000000 584.613098 0.000000 0.805138 0.000000 -0.593088 0.756808 0.756808 0.756808
3301.224121 0.000000 598.539734 0.000000 0.998817 0.000000 0.048623 0.697552 0.697552 0.697552
3309.527588 0.000000 601.916992 0.000000 0.008421 0.000000 0.999965 0.564573 0.564573 0.564573
3306.079346 0.000000 602.885010 0.000000 0.923530 0.000000 -0.383525 0.728065 0.728065 0.728065
3306.435547 0.000000 607.064941 0.000000 0.423517 0.000000 0.905888 0.603335 0.603335 0.603335
3308.666504 0.000000 600.463074 0.000000 0.123887 0.000000 0.992296 0.574609 0.574609 0.574609
3304.930664 0.000000 606.634094 0.000000 0.850787 0.000000 -0.525510 0.760338 0.760338 0.760338
3303.602295 0.000000 599.988953 0.000000 0.974033 0.000000 0.226407 0.673498 0.673498 0.673498
3306.709229 0.000000 604.205322 0.000000 0.669827 0.000000 0.742517 0.593536 0.593536 0.593536
3304.089355 0.000000 605.649597 0.000000 0.977357 0.000000 0.211595 0.652009 0.652009 0.652009
3302.832275 0.000000 604.887085 0.000000 0.675546 0.000000 -0.737318 0.888937 0.888937 0.888937
3370.419922 0.000000 607.064941 0.000000 0.020978 0.000000 0.999780 0.591663 0.591663 0.591663
3372.692871 0.000000 577.990112 0.000000 0.268484 0.000000 -0.963284 0.861629 0.861629 0.861629
3368.915039 0.000000 606.634094 0.000000 0.550210 0.000000 0.835026 0.592240 0.592240 0.592240
3375.435547 0.000000 576.365173 0.000000 0.215475 0.000000 -0.976509 0.997114 0.997114 0.997114
3364.640381 0.000000 604.228333 0.000000 0.759460 0.000000 0.650554 0.551459 0.551459 0.551459
3375.018066 0.000000 577.504822 0.000000 0.028479 0.000000 0.999594 0.361468 0.361468 0.361468
3364.795898 0.000000 605.416504 0.000000 0.949690 0.000000 -0.313191 0.766803 0.766803 0.766803
3366.816650 0.000000 604.887085 0.000000 0.918332 0.000000 -0.395810 0.773394 0.773394 0.773394
3157.503418 0.000000 926.935669 0.000000 0.848999 0.000000 0.528395 0.657193 0.657193 0.657193
3159.086670 0.000000 926.655579 0.000000 0.960622 0.000000 0.277857 0.662210 0.662210 0.662210
3156.921143 0.000000 925.770264 0.000000 0.062025 0.000000 0.998075 0.478523 0.478523 0.478523
3161.674072 0.000000 931.196045 0.000000 0.087106 0.000000 -0.996199 0.751854 0.751854 0.751854
3153.947021 0.000000 930.416626 0.000000 0.363910 0.000000 -0.931434 0.745234 0.745234 0.745234
3160.842041 0.000000 929.271301 0.000000 0.769896 0.000000 0.638169 0.646780 0.646780 0.646780
3159.760742 0.000000 930.420532 0.000000 0.505170 0.000000 0.863020 0.612658 0.612658 0.612658
3130.125244 0.000000 979.038208 0.000000 0.814661 0.000000 0.579938 0.625617 0.625617 0.625617
3132.134277 0.000000 974.088257 0.000000 0.935334 0.000000 0.353765 0.642875 0.642875 0.642875
3132.653076 0.000000 976.899170 0.000000 0.834543 0.000000 -0.550942 0.790550 0.790550 0.790550
3134.419189 0.000000 973.047607 0.000000 0.754419 0.000000 -0.656394 0.794099 0.794099 0.794099
3116.092773 0.000000 1019.404663 0.000000 0.262977 0.000000 0.964802 0.632510 0.632510 0.632510
3110.233398 0.000000 1016.339050 0.000000 0.899173 0.000000 -0.437594 0.730394 0.730394 0.730394
3109.270996 0.000000 1014.336609 0.000000 0.985304 0.000000 0.170810 0.690641 0.690641 0.690641
3114.126221 0.000000 1018.681885 0.000000 0.958921 0.000000 0.283672 0.667831 0.667831 0.667831
3107.694824 0.000000 1020.831787 0.000000 0.998667 0.000000 0.051609 0.693936 0.693936 0.693936
3111.649170 0.000000 1015.785828 0.000000 0.997920 0.000000 -0.064462 0.706403 0.706403 0.706403
3108.702881 0.000000 1020.025208 0.000000 0.877571 0.000000 0.479447 0.624501 0.624501 0.624501
3112.136230 0.000000 1021.446472 0.000000 0.927916 0.000000 0.372788 0.643922 0.643922 0.643922
3138.630615 0.000000 961.872742 0.000000 0.892847 0.000000 -0.450360 0.713063 0.713063 0.713063
3139.317627 0.000000 976.617981 0.000000 0.233190 0.000000 -0.972431 0.800820 0.800820 0.800820
3136.717041 0.000000 972.736023 0.000000 0.698290 0.000000 -0.715815 0.776960 0.776960 0.776960
3135.365234 0.000000 973.473022 0.000000 0.546224 0.000000 0.837639 0.569509 0.569509 0.569509
3419.516357 0.000000 947.339600 0.000000 0.726970 0.000000 0.686669 0.658730 0.658730 0.658730
3420.320801 0.000000 943.536682 0.000000 0.950902 0.000000 0.309491 0.679764 0.679764 0.679764
3422.176514 0.000000 942.493042 0.000000 0.840243 0.000000 -0.542211 0.732047 0.732047 0.732047
3459.239502 0.000000 944.633606 0.000000 0.350512 0.000000 -0.936558 0.752558 0.752558 0.752558
"}
